courier	x	y	on_time	off_time
c1	29008	16415	0	240
c2	31011	13064	0	240
c3	29076	16439	15	195
c4	27325	13830	15	195
c5	26761	13009	15	255
c6	27354	13848	15	255
c7	26696	13072	30	120
c8	29021	16402	30	120
c9	27340	13822	30	120
c10	28057	6780	30	210
c11	29054	16382	30	210
c12	29005	16395	30	210
c13	28699	15859	30	210
c14	26687	5826	30	210
c15	27345	13836	45	285
c16	26083	20742	45	285
c17	26708	5765	45	285
c18	29790	16530	45	285
c19	26685	5736	45	285
c20	27452	16237	45	285
c21	26662	5750	45	285
c22	26086	7722	45	285
c23	30337	12834	60	300
c24	30979	11850	75	315
c25	15352	41563	75	315
c26	26738	16518	75	315
c27	33996	2317	75	315
c28	28286	15439	75	315
c29	26812	19312	75	315
c30	27324	13896	75	315
c31	28236	15387	75	315
c32	30994	11772	75	315
c33	33406	2279	75	315
c34	28811	15820	90	180
c35	17265	27504	90	180
c36	26748	13040	90	180
c37	30889	10684	90	180
c38	29891	10066	90	180
c39	27984	17422	90	210
c40	28000	17392	90	270
c41	34065	2395	105	345
c42	29196	10993	105	345
c43	28071	6793	105	345
c44	29211	11011	105	345
c45	27077	14629	105	345
c46	28605	17867	120	240
c47	26929	14454	120	240
c48	30326	12768	120	240
c49	28606	17908	120	240
c50	28609	17860	120	300
c51	30357	12807	120	300
c52	26824	14572	120	300
c53	29060	15546	135	375
c54	14738	34857	135	375
c55	26800	14559	135	375
c56	31044	13221	135	375
c57	29268	11035	135	375
c58	31087	11189	135	375
c59	17674	23120	150	240
c60	28078	6732	150	240
c61	27133	16325	150	240
c62	28043	6807	150	240
c63	29544	17173	150	270
c64	29512	17103	150	270
c65	29182	10999	165	405
c66	29105	11209	165	405
c67	29022	16373	180	420
c68	27138	14665	180	420
c69	30897	10673	210	390
c70	30927	10702	210	390
c71	31464	12723	210	450
c72	26989	14472	210	450
c73	26948	14482	210	450
c74	28063	6763	210	450
c75	25984	15598	240	420
c76	26000	15623	240	420
c77	31051	11169	240	420
c78	31122	12972	255	345
c79	28064	6800	255	345
c80	27348	18276	270	360
c81	28646	11450	270	360
c82	29797	16576	270	360
c83	29745	16562	270	360
c84	33457	2273	270	360
c85	29225	16259	270	360
c86	33403	2335	270	360
c87	30940	11429	270	390
c88	29888	10040	300	540
c89	29373	9563	300	540
c90	29926	10104	300	540
c91	27311	18332	300	540
c92	29242	10967	300	540
c93	27494	18873	300	540
c94	30288	10979	300	540
c95	29253	11008	300	540
c96	31106	12919	300	540
c97	28240	21213	300	540
c98	30652	11122	300	540
c99	28578	17915	315	405
c100	28560	17925	315	435
c101	28544	17895	315	435
c102	27951	8635	315	555
c103	29176	11034	345	525
c104	27123	16283	345	525
c105	26281	17090	345	525
c106	29729	16535	360	600
c107	24357	15359	360	600
c108	29713	16560	360	600
c109	29353	17166	360	600
c110	29526	17639	360	600
c111	30133	15681	360	600
c112	29538	17785	360	600
c113	27965	17377	360	600
c114	29894	10117	360	600
c115	27065	14616	375	495
c116	28724	11364	375	495
c117	29798	16319	390	570
c118	27014	14594	390	570
c119	26945	14654	390	570
c120	26948	14661	390	570
c121	24931	17910	405	645
c122	29781	16391	405	645
c123	24894	17858	405	645
c124	13397	30758	405	645
c125	29263	16283	405	645
c126	27004	14601	405	645
c127	24855	17866	405	645
c128	29854	10086	420	660
c129	26756	14633	420	660
c130	26719	14566	420	660
c131	27013	14647	420	660
c132	28725	15834	420	660
c133	30572	11092	435	555
c134	29858	16250	435	555
c135	30360	12799	435	555
c136	31078	12933	435	555
c137	26745	14608	435	555
c138	27057	14645	450	570
c139	27054	14610	450	570
c140	27173	16285	450	690
c141	26952	14655	450	690
c142	29839	10585	450	690
c143	33386	2319	450	690
c144	26929	14617	450	690
c145	29505	17416	450	690
c146	26993	14647	450	690
c147	26783	14596	450	690
c148	30285	12821	465	555
c149	31062	12976	465	555
c150	30364	12770	465	705
c151	29808	10654	465	705
c152	31123	12963	465	705
c153	27425	21135	465	705
c154	34025	2384	465	705
c155	25197	21076	465	705
c156	25003	16068	465	705
c157	25890	20128	465	705
c158	29019	17790	465	705
c159	26935	14428	465	705
c160	26931	14493	495	615
c161	26935	14468	495	615
c162	30317	12828	495	615
c163	33450	2255	495	675
c164	17286	27472	495	735
c165	30873	12683	495	735
c166	29821	16440	495	735
c167	17271	27559	495	735
c168	26806	19254	510	750
c169	26740	19320	510	750
c170	28225	15392	510	750
c171	29858	10098	510	750
c172	26950	14441	510	750
c173	30837	12650	510	750
c174	28800	16611	510	750
c175	26905	20271	510	750
c176	27871	12994	510	750
c177	26748	14187	525	765
c178	30371	13915	525	765
c179	29130	17918	525	765
c180	29866	16399	525	765
c181	29795	16316	525	765
c182	29830	16241	525	765
c183	29865	16331	525	765
c184	28222	15389	525	765
c185	25456	20806	525	765
c186	27350	13887	540	630
c187	29486	15965	555	795
c188	33417	2258	555	795
c189	30322	12810	555	795
c190	30298	12754	555	795
c191	29467	15951	555	795
c192	26451	19448	555	795
c193	29139	17881	555	795
c194	30304	12779	555	795
c195	29173	17923	555	795
c196	28557	17919	570	810
c197	28847	14500	570	810
c198	27889	16244	570	810
c199	26994	14662	570	810
c200	29261	11028	585	765
c201	30635	12264	585	765
c202	29735	16417	585	825
c203	29857	10078	585	825
c204	29209	11041	585	825
c205	31133	12970	585	825
c206	30605	12201	585	825
c207	30631	11135	585	825
c208	27009	14596	600	720
c209	30313	12762	600	720
c210	27125	14656	600	720
c211	30342	12832	600	780
c212	26281	7671	600	780
c213	26272	7710	600	840
c214	27086	14658	600	840
c215	26940	14652	615	795
c216	28690	17875	615	795
c217	31056	9627	615	795
c218	28091	6733	630	720
c219	26230	7690	630	720
c220	30331	12753	630	720
c221	28372	12596	630	810
c222	26764	19243	630	810
c223	28051	6806	630	810
c224	29128	11982	645	735
c225	23301	15460	690	780
c226	33773	2226	690	780
c227	23274	15401	690	780
c228	26792	14621	690	780
c229	29396	16068	750	840
