courier	x	y	on_time	off_time
c1	26695	13465	0	240
c2	31019	13585	0	240
c3	27333	14314	15	195
c4	26735	13527	15	195
c5	27333	14328	15	255
c6	26706	13452	15	255
c7	27318	14346	30	120
c8	28751	16280	30	120
c9	29083	16824	30	120
c10	29187	13030	30	210
c11	28740	16332	30	210
c12	28684	16348	30	210
c13	29054	16837	30	210
c14	29185	15743	30	210
c15	29811	17023	45	285
c16	29811	16985	45	285
c17	29729	16976	45	285
c18	26085	21173	45	285
c19	26804	15051	45	285
c20	27289	14364	45	285
c21	26109	21211	45	285
c22	29088	16888	45	285
c23	30289	13248	60	300
c24	27385	14324	75	315
c25	27307	14365	75	315
c26	27498	16688	75	315
c27	15388	42103	75	315
c28	30663	12726	75	315
c29	26953	14320	75	315
c30	29541	17514	75	315
c31	26755	19750	75	315
c32	30941	12297	75	315
c33	30930	12295	75	315
c34	30663	12819	90	180
c35	29823	16713	90	180
c36	30635	12775	90	180
c37	17329	27939	90	180
c38	17278	27938	90	180
c39	28059	17824	90	210
c40	28010	17810	90	270
c41	28598	18351	105	345
c42	28675	16288	105	345
c43	28054	7279	105	345
c44	28094	7241	105	345
c45	26993	14896	105	345
c46	31064	13911	120	240
c47	30330	13257	120	240
c48	30351	13292	120	240
c49	34030	2815	120	240
c50	27003	14962	120	300
c51	30303	13301	120	300
c52	30292	13266	120	300
c53	26796	13456	135	375
c54	29017	16878	135	375
c55	26955	15060	135	375
c56	27002	15114	135	375
c57	31104	11634	135	375
c58	27420	20768	135	375
c59	17769	23517	150	240
c60	17719	23548	150	240
c61	34048	2833	150	240
c62	27159	16728	150	240
c63	29559	17622	150	270
c64	28053	7221	150	270
c65	28773	16283	165	405
c66	30336	13250	165	405
c67	28738	16293	180	420
c68	29039	16844	180	420
c69	31469	13203	210	390
c70	28050	7227	210	390
c71	14272	26338	210	450
c72	28028	7224	210	450
c73	14242	26422	210	450
c74	31482	13213	210	450
c75	31432	13185	240	420
c76	31437	13224	240	420
c77	26263	17553	240	420
c78	31162	13392	255	345
c79	31111	13383	255	345
c80	27392	20773	270	360
c81	30916	11924	270	360
c82	26976	14897	270	360
c83	27395	20750	270	360
c84	27421	20720	270	360
c85	29271	16727	270	360
c86	29812	17017	270	360
c87	33387	2724	270	390
c88	29523	17554	300	540
c89	26743	13462	300	540
c90	29528	17517	300	540
c91	27360	18720	300	540
c92	28961	16867	300	540
c93	27567	17559	300	540
c94	28653	18335	300	540
c95	31142	13407	300	540
c96	29246	16708	300	540
c97	29834	16734	300	540
c98	28660	18316	300	540
c99	28585	18359	315	405
c100	28612	18335	315	435
c101	26727	15037	315	435
c102	28040	9126	315	555
c103	26283	8162	345	525
c104	26222	8192	345	525
c105	26211	8204	345	525
c106	29223	16701	360	600
c107	26255	20688	360	600
c108	26238	20780	360	600
c109	29371	17558	360	600
c110	26844	19781	360	600
c111	24405	15873	360	600
c112	7877	32471	360	600
c113	29493	17907	360	600
c114	26776	19811	360	600
c115	28667	11900	375	495
c116	30687	12733	375	495
c117	30653	11566	390	570
c118	26958	15146	390	570
c119	26996	15117	390	570
c120	34008	2810	390	570
c121	29275	16796	405	645
c122	13394	31252	405	645
c123	25185	21556	405	645
c124	25023	16536	405	645
c125	26943	14915	405	645
c126	26982	15101	405	645
c127	29754	16912	405	645
c128	28065	7188	420	660
c129	31054	13554	420	660
c130	28771	16365	420	660
c131	28695	16347	420	660
c132	28658	18365	420	660
c133	29867	12067	435	555
c134	26731	15102	435	555
c135	30316	13224	435	555
c136	30327	13284	435	555
c137	26946	14950	435	555
c138	27016	15089	450	570
c139	27086	15048	450	570
c140	27133	15079	450	690
c141	14306	26307	450	690
c142	28635	18379	450	690
c143	33447	2737	450	690
c144	29836	11081	450	690
c145	27023	15124	450	690
c146	27159	16742	450	690
c147	26778	15056	450	690
c148	28647	18335	465	555
c149	28686	18293	465	555
c150	27423	21611	465	705
c151	25960	20560	465	705
c152	30988	12314	465	705
c153	30317	13244	465	705
c154	34022	2793	465	705
c155	24908	18295	465	705
c156	26514	19923	465	705
c157	26526	19983	465	705
c158	26512	19908	465	705
c159	29827	16741	465	705
c160	26960	14905	495	615
c161	25970	14793	495	615
c162	17311	28031	495	615
c163	33387	2811	495	675
c164	31143	13403	495	735
c165	26988	14908	495	735
c166	26991	14904	495	735
c167	30322	13253	495	735
c168	28768	17096	510	750
c169	26924	15126	510	750
c170	29875	16874	510	750
c171	26982	15070	510	750
c172	29794	16758	510	750
c173	24804	19155	510	750
c174	26803	19718	510	750
c175	26956	15107	510	750
c176	26979	20749	510	750
c177	29852	16845	525	765
c178	25473	21243	525	765
c179	28276	15930	525	765
c180	28282	15938	525	765
c181	30309	14343	525	765
c182	30302	14334	525	765
c183	31123	13395	525	765
c184	31422	13005	525	765
c185	29132	18410	525	765
c186	27332	14286	540	630
c187	30332	13279	555	795
c188	31032	13705	555	795
c189	31149	13628	555	795
c190	26988	14915	555	795
c191	27214	16740	555	795
c192	33387	2805	555	795
c193	26999	14932	555	795
c194	29122	18369	555	795
c195	29252	15256	555	795
c196	28600	18410	570	810
c197	25993	15533	570	810
c198	27016	15150	570	810
c199	28850	14989	570	810
c200	30688	12717	585	765
c201	30681	12691	585	765
c202	30615	12736	585	825
c203	30601	11568	585	825
c204	31136	13381	585	825
c205	29940	10542	585	825
c206	27927	18784	585	825
c207	29883	16723	585	825
c208	30318	13292	600	720
c209	26279	8157	600	720
c210	26978	15113	600	720
c211	30361	13295	600	780
c212	30295	13234	600	780
c213	29499	17566	600	840
c214	29543	17652	600	840
c215	31150	13417	615	795
c216	28081	7212	615	795
c217	30332	13244	615	795
c218	30379	13229	630	720
c219	26311	8161	630	720
c220	28105	7205	630	720
c221	28041	7248	630	810
c222	28107	7246	630	810
c223	26775	19724	630	810
c224	27233	14699	645	735
c225	34083	2841	690	780
c226	26784	15011	690	780
c227	23308	15870	690	780
c228	26953	14894	690	780
c229	27452	18311	750	840
