courier	x	y	on_time	off_time
c1	17166	14500	0	240
c2	21883	14176	0	240
c3	19957	18564	0	240
c4	17231	20751	0	240
c5	16400	17058	15	105
c6	18358	10246	15	105
c7	17170	14447	15	255
c8	19957	18541	15	255
c9	17206	20746	15	255
c10	17213	14407	30	150
c11	17172	14481	30	210
c12	17155	14434	30	210
c13	19965	18594	30	270
c14	21879	14249	30	270
c15	13951	18751	45	285
c16	21887	14186	45	285
c17	21917	14211	45	285
c18	21924	14210	45	285
c19	17855	21754	60	150
c20	17240	20667	60	150
c21	20735	14192	60	180
c22	17209	20679	60	180
c23	20803	14253	60	180
c24	20302	12863	60	180
c25	18517	8192	60	180
c26	18471	18869	75	255
c27	20775	12398	75	255
c28	19526	17820	75	315
c29	18839	14025	75	315
c30	20199	17976	75	315
c31	16625	21927	75	315
c32	18729	16908	75	315
c33	20234	18010	75	315
c34	17275	16008	75	315
c35	17860	22541	75	315
c36	17239	20672	75	315
c37	20220	17986	75	315
c38	18806	14039	75	315
c39	19270	17280	75	315
c40	19530	17850	90	330
c41	19049	19388	90	330
c42	15304	16896	90	330
c43	19038	19300	90	330
c44	16422	17030	90	330
c45	16415	16982	90	330
c46	17454	15875	90	330
c47	17222	20677	90	330
c48	21017	12486	105	345
c49	18459	8171	105	345
c50	19250	17327	105	345
c51	17840	21710	105	345
c52	24229	3716	105	345
c53	19272	17282	120	360
c54	19247	17250	120	360
c55	17451	16030	120	360
c56	19892	18575	135	375
c57	21120	13763	135	375
c58	19997	18601	135	375
c59	19140	19353	135	375
c60	19605	15923	135	375
c61	19288	18112	150	390
c62	19224	18053	150	390
c63	21015	12490	150	390
c64	19985	18550	150	390
c65	19887	18574	165	405
c66	19923	18561	165	405
c67	19042	19309	165	405
c68	17980	18473	180	270
c69	18013	18496	180	360
c70	18007	18509	180	420
c71	17918	20307	195	435
c72	18992	19325	210	300
c73	19516	17795	210	300
c74	18987	19345	210	450
c75	19533	17783	210	450
c76	18545	8163	210	450
c77	17711	15699	225	345
c78	18479	8187	240	480
c79	19696	12399	240	480
c80	21058	13728	255	435
c81	15250	16845	270	510
c82	20792	14214	270	510
c83	21025	12543	285	465
c84	17816	21738	300	480
c85	16788	18469	300	480
c86	17789	21691	300	480
c87	16798	18449	300	480
c88	16762	18495	300	540
c89	18995	19358	300	540
c90	17862	21752	300	540
c91	21245	14096	300	540
c92	19015	19302	300	540
c93	16742	21747	300	540
c94	21537	14385	315	435
c95	18476	8179	315	435
c96	18505	8180	315	435
c97	16905	20949	315	555
c98	19612	15917	330	570
c99	18519	8197	330	570
c100	16713	9184	330	570
c101	17267	20665	330	570
c102	20257	17878	330	570
c103	19654	12422	330	570
c104	19646	15932	330	570
c105	20222	17888	330	570
c106	18323	19751	330	570
c107	24182	3688	345	585
c108	18522	8202	345	585
c109	18478	8212	345	585
c110	21514	14386	345	585
c111	21036	12529	360	600
c112	24162	3738	360	600
c113	24232	3683	360	600
c114	16729	11420	360	600
c115	20802	14102	360	600
c116	17807	21705	360	600
c117	24196	3644	360	600
c118	19926	18592	360	600
c119	19844	18513	375	495
c120	17649	17686	375	555
c121	17616	17686	375	555
c122	21225	13771	375	555
c123	19930	17327	375	555
c124	17601	17699	375	555
c125	17209	15597	375	555
c126	16401	17024	375	555
c127	18379	13115	375	555
c128	17400	16112	375	555
c129	16970	20940	375	555
c130	21132	13701	390	570
c131	17408	16036	390	630
c132	16768	9115	390	630
c133	21559	14601	390	630
c134	17459	16060	390	630
c135	17191	15561	435	615
c136	20790	14236	435	615
c137	20221	12664	435	675
c138	21197	15007	435	675
c139	16402	16495	435	675
c140	20792	14246	435	675
c141	17423	15880	435	675
c142	15292	16873	435	675
c143	19087	19284	435	675
c144	17412	15871	435	675
c145	21080	13751	450	630
c146	21545	14339	450	630
c147	20091	18541	465	585
c148	18816	14004	465	585
c149	24458	3804	465	585
c150	24177	3736	465	585
c151	17265	20749	465	585
c152	24503	3779	465	585
c153	18800	14002	465	585
c154	24454	3807	465	585
c155	20727	14186	465	645
c156	17460	15846	465	645
c157	18878	14057	465	645
c158	19152	12873	465	645
c159	20812	14200	480	570
c160	16782	18512	480	570
c161	15368	19307	480	570
c162	21300	14076	480	570
c163	20775	14245	480	600
c164	19988	18532	480	600
c165	15320	19271	480	600
c166	19061	19351	495	735
c167	18968	19354	495	735
c168	21051	13659	495	735
c169	19924	18569	495	735
c170	16740	9167	495	735
c171	19913	18561	510	690
c172	19934	18513	510	690
c173	19949	18607	510	690
c174	19696	11024	525	705
c175	18543	8187	525	705
c176	19120	19354	525	705
c177	17438	16107	525	705
c178	19130	19309	525	705
c179	17388	16061	525	705
c180	7740	29003	525	705
c181	16400	16990	525	765
c182	18298	17678	540	660
c183	18373	19263	540	660
c184	17252	20761	540	660
c185	15576	22544	540	660
c186	15643	22509	540	660
c187	16523	22110	540	660
c188	16530	22158	540	720
c189	17395	16106	540	720
c190	17236	20747	540	720
c191	17393	16058	540	720
c192	15632	22514	540	720
c193	19127	19289	540	720
c194	24502	3827	555	735
c195	20763	14263	555	735
c196	19981	18569	555	735
c197	14245	25416	555	795
c198	19938	18611	555	795
c199	18359	19281	555	795
c200	21462	12834	555	795
c201	14690	22138	555	795
c202	20358	11490	555	795
c203	17200	20711	555	795
c204	14225	25439	555	795
c205	19015	19334	555	795
c206	20347	12917	555	795
c207	19019	19302	570	750
c208	19620	19888	570	750
c209	19641	19931	570	750
c210	19652	19897	570	810
c211	18458	8227	570	810
c212	15302	16832	570	810
c213	18512	8185	570	810
c214	19982	18596	570	810
c215	17240	15635	570	810
c216	20811	14189	585	825
c217	19722	11026	585	825
c218	19043	19312	585	825
c219	21072	13790	600	780
c220	17225	20763	600	840
c221	18709	16884	600	840
