courier	x	y	on_time	off_time
c1	21812	22706	0	180
c2	26651	13258	0	180
c3	19017	21392	0	180
c4	17996	20681	0	180
c5	25542	9826	0	180
c6	25606	9808	0	180
c7	26658	13226	0	180
c8	20941	22747	0	180
c9	19019	21356	0	180
c10	26241	11054	0	180
c11	18969	21408	0	180
c12	28385	12900	0	180
c13	16708	17126	0	180
c14	20887	8871	0	180
c15	19026	19546	0	180
c16	22073	15406	0	180
c17	18927	21353	0	180
c18	21224	938	0	240
c19	21224	978	0	240
c20	18720	7058	0	240
c21	20722	15948	0	240
c22	18697	7019	0	240
c23	26617	4353	0	240
c24	21163	947	0	240
c25	25869	19367	30	60
c26	17417	17671	30	180
c27	19147	19402	30	240
c28	25159	13800	45	180
c29	5985	19078	60	90
c30	24832	19934	60	123
c31	25676	16282	60	240
c32	25100	13861	60	240
c33	27106	12387	60	240
c34	17983	22205	60	240
c35	19724	7412	60	240
c36	17957	21139	60	240
c37	10249	31405	60	240
c38	22549	14407	60	240
c39	22978	14383	60	240
c40	24109	14135	60	240
c41	27105	12639	60	240
c42	12376	33834	60	240
c43	17143	14325	60	240
c44	23557	10101	60	240
c45	18823	12208	60	240
c46	4860	29876	60	240
c47	23607	10158	60	240
c48	22883	14918	60	240
c49	17178	14318	60	240
c50	23135	21498	60	240
c51	21024	15127	60	240
c52	24532	11220	60	240
c53	25190	8999	60	240
c54	16507	8110	60	240
c55	25187	8941	60	240
c56	20903	15448	60	240
c57	22965	14426	60	240
c58	25664	13973	60	240
c59	20759	15869	60	240
c60	23627	10126	60	240
c61	13587	28753	60	240
c62	14302	32731	60	240
c63	22953	14406	60	240
c64	20848	18588	60	240
c65	26618	19663	60	240
c66	24180	22463	60	240
c67	21470	15594	60	240
c68	22316	8792	60	240
c69	19049	7198	60	240
c70	13596	28679	60	240
c71	18805	18158	60	240
c72	4863	29882	60	240
c73	26755	17103	60	240
c74	21912	13062	60	240
c75	24479	18291	60	240
c76	17907	21175	60	240
c77	19016	7126	60	240
c78	20164	12778	60	240
c79	19726	22039	60	240
c80	19957	22874	60	240
c81	25322	15265	60	240
c82	27163	12671	60	240
c83	17193	14286	60	240
c84	24297	17463	60	240
c85	22429	9435	60	240
c86	24928	15715	60	240
c87	21864	13070	60	240
c88	26823	17172	60	240
c89	6083	21065	60	240
c90	17935	21164	60	240
c91	20862	18569	60	240
c92	4866	29839	60	240
c93	20126	20523	60	240
c94	27511	15613	60	240
c95	20118	12751	60	240
c96	12342	33809	60	240
c97	19852	10640	60	240
c98	23691	23267	60	240
c99	24545	11163	60	240
c100	19072	7161	60	240
c101	17132	14334	60	240
c102	23264	21012	60	240
c103	26767	15221	60	240
c104	18268	11725	60	240
c105	18720	20477	60	257
c106	18268	8584	60	300
c107	18275	8571	60	300
c108	26667	6629	75	240
c109	19109	12108	85	300
c110	23330	13675	105	597
c111	17998	16468	120	225
c112	22063	17337	120	300
c113	19206	17878	120	300
c114	22079	17310	120	300
c115	23703	13809	120	300
c116	25265	18585	120	300
c117	24753	18369	120	300
c118	26038	11260	120	300
c119	19298	17930	120	300
c120	22061	17316	120	300
c121	21324	13086	120	300
c122	26039	11281	120	300
c123	25242	18547	120	300
c124	18576	19708	120	360
c125	20195	12391	120	360
c126	21895	13122	120	360
c127	20149	12314	120	360
c128	18340	18530	120	360
c129	18394	18567	120	360
c130	22698	12399	120	360
c131	18210	18842	120	360
c132	26347	13410	120	360
c133	21714	11664	120	360
c134	21734	11632	120	360
c135	21885	13106	120	360
c136	18624	19781	120	360
c137	26482	15838	165	255
c138	26463	19243	165	300
c139	27540	8201	190	420
c140	29307	11706	210	480
c141	25184	20852	240	420
c142	22134	7901	240	420
c143	14484	31528	240	420
c144	22892	10891	240	420
c145	21275	6983	240	420
c146	8116	19212	240	420
c147	25384	19434	240	420
c148	24597	17846	240	420
c149	14484	31538	240	420
c150	22185	7916	240	420
c151	24600	17853	240	420
c152	25454	19504	240	420
c153	27470	5722	240	420
c154	22144	7897	240	420
c155	22868	10892	240	420
c156	23118	19943	240	420
c157	372	26462	240	420
c158	19739	13013	240	420
c159	8130	19249	240	420
c160	26521	19778	240	420
c161	346	26541	240	420
c162	19747	12969	240	420
c163	19246	22913	240	420
c164	19578	16218	240	420
c165	20182	22754	240	420
c166	20182	22773	240	420
c167	24822	11077	240	420
c168	24741	9105	240	420
c169	19740	12920	240	420
c170	21603	22336	240	440
c171	28628	12821	240	480
c172	23463	23010	240	480
c173	28573	12822	240	480
c174	27757	17224	240	480
c175	26449	20347	240	480
c176	19973	17088	240	480
c177	27733	17172	240	480
c178	26473	20275	240	480
c179	20929	20793	240	480
c180	28571	12825	240	480
c181	21887	12252	240	480
c182	22312	20304	240	480
c183	27722	17256	240	480
c184	19994	9395	240	480
c185	22998	14508	240	480
c186	19554	20254	240	480
c187	19401	22668	240	480
c188	20077	9465	240	480
c189	16365	20097	240	480
c190	23804	8683	240	480
c191	17307	16684	240	480
c192	26433	20313	240	480
c193	19628	13698	240	480
c194	20918	20838	240	480
c195	17194	15680	240	480
c196	25972	17359	240	540
c197	27007	3701	270	420
c198	25284	22348	270	480
c199	20218	17602	300	420
c200	22123	17122	300	420
c201	17667	16616	300	480
c202	26102	18475	300	570
c203	25918	10746	300	570
c204	28162	12660	300	570
c205	22320	15533	300	570
c206	25693	22654	300	570
c207	27700	15286	300	570
c208	18078	11806	300	570
c209	16520	12682	300	570
c210	17112	20903	300	570
c211	25716	22632	300	570
c212	18837	23206	300	570
c213	25945	21553	300	570
c214	25693	22625	300	570
c215	28499	12446	300	570
c216	19047	12304	300	570
c217	18831	23233	300	570
c218	28551	11559	330	420
c219	18229	6923	330	465
c220	20287	7892	360	480
c221	26879	17796	360	495
c222	20447	14346	360	600
c223	20467	14313	360	600
c224	19135	10942	360	600
c225	25448	17022	360	600
c226	23255	18576	360	600
c227	16880	19109	360	600
c228	16647	11269	360	600
c229	19425	14009	360	600
c230	23199	18627	360	600
c231	18580	14559	360	600
c232	20425	14397	360	600
c233	22762	9608	360	600
c234	16631	11257	360	600
c235	19450	13983	360	600
c236	18584	14570	360	600
c237	20093	8114	360	630
c238	25790	13156	360	630
c239	21941	10501	360	660
c240	19530	17049	390	630
c241	16863	8240	390	630
c242	16848	8274	390	630
c243	16882	19354	390	630
c244	19466	17058	390	630
c245	23898	12442	390	630
c246	23259	20641	390	630
c247	28036	9769	390	630
c248	19487	16969	390	630
c249	24726	14318	390	630
c250	28045	9743	390	630
c251	19494	17004	390	630
c252	18606	12919	390	690
c253	22930	2666	420	510
c254	21981	22897	420	540
c255	28345	6791	420	570
c256	16347	3585	420	600
c257	16445	1422	420	660
c258	15168	31143	420	660
c259	11569	25141	420	660
c260	20786	17436	420	660
c261	18878	2560	420	660
c262	20152	10883	420	660
c263	26012	20076	420	660
c264	22761	21202	420	660
c265	22728	13727	420	660
c266	17179	7549	420	660
c267	16916	15099	420	660
c268	17684	6840	420	660
c269	20163	10929	420	660
c270	22023	22652	420	660
c271	0	31180	420	660
c272	20611	14368	420	660
c273	21288	14495	420	660
c274	25651	19305	420	660
c275	29350	474	420	660
c276	21418	11725	420	660
c277	20832	17408	420	660
c278	28009	698	420	660
c279	20774	17475	420	660
c280	16395	12969	420	660
c281	26079	20069	420	660
c282	16911	15048	420	660
c283	26031	20036	420	660
c284	29300	567	420	660
c285	26024	20098	420	660
c286	18381	13624	420	660
c287	21243	14547	420	660
c288	24908	12416	420	660
c289	2195	28166	420	660
c290	18336	13544	420	660
c291	29283	559	420	660
c292	24958	5532	420	660
c293	29332	537	420	660
c294	29361	537	420	660
c295	21952	22670	420	660
c296	20439	17898	420	660
c297	16901	623	420	660
c298	29367	6490	420	660
c299	17662	6813	420	660
c300	20679	16468	420	660
c301	26811	12925	420	660
c302	25629	18195	420	660
c303	29374	501	420	660
c304	26706	17137	420	660
c305	17216	7171	420	660
c306	25250	17131	420	660
c307	20214	20509	420	660
c308	24958	5469	420	660
c309	8671	21994	420	660
c310	26186	22123	420	660
c311	29319	513	420	660
c312	20481	17341	420	660
c313	26616	17738	420	660
c314	25646	18232	420	660
c315	17230	7141	420	660
c316	16850	15105	420	660
c317	8699	21934	420	660
c318	15180	31142	420	660
c319	29310	474	420	660
c320	16477	16983	420	670
c321	28966	11506	420	709
c322	20876	11501	450	630
c323	21671	10054	450	660
c324	20673	19311	450	690
c325	18339	19031	450	690
c326	27823	11047	450	690
c327	27687	15102	450	690
c328	27696	15189	450	690
c329	23322	11585	450	690
c330	18575	15450	450	690
c331	23306	11588	450	690
c332	23274	11569	450	690
c333	19441	10654	465	750
c334	16083	23378	480	660
c335	17116	10153	480	670
c336	20453	16503	480	720
c337	17218	9309	480	720
c338	21903	18675	480	720
c339	26621	13633	480	720
c340	20413	16490	480	720
c341	19892	10576	480	720
c342	21621	20380	480	720
c343	17200	9343	480	720
c344	22040	20999	480	720
c345	16346	16518	480	720
c346	27276	11848	480	720
c347	22960	14871	480	720
c348	21889	18677	480	720
c349	19952	14274	480	720
c350	21871	18699	480	720
c351	19623	16087	480	720
c352	22072	20986	480	720
c353	27222	11816	480	720
c354	19906	14276	480	720
c355	21205	14991	480	740
c356	20838	19366	480	750
c357	20918	19395	480	780
c358	19422	13757	510	630
c359	21742	12377	510	720
c360	20000	10722	510	750
c361	25000	9848	510	750
c362	20039	10699	510	750
c363	24295	18995	540	780
c364	26831	10563	540	780
c365	25393	9451	540	780
c366	25071	13082	540	780
c367	25085	13059	540	780
c368	16652	17397	540	780
c369	17546	14449	540	780
c370	21632	23255	540	780
c371	16602	17383	540	780
c372	23194	17489	540	780
c373	23038	12202	540	780
c374	20947	9214	570	750
c375	21032	9236	570	750
c376	17954	20500	600	720
c377	26323	11672	600	720
c378	25330	19529	600	780
c379	16769	15139	660	720
c380	22397	11871	660	780
c381	14714	28552	660	810
c382	24741	21531	660	810
c383	27209	3207	660	810
c384	19343	22977	660	810
c385	19890	12176	660	810
c386	28627	12796	660	810
c387	21038	17394	660	810
c388	18223	202	660	810
c389	18405	21691	660	810
c390	27214	3271	660	810
c391	18455	21037	660	810
c392	28657	12781	660	810
c393	18429	21725	660	810
c394	16929	8973	660	810
c395	28650	12738	660	810
c396	25682	10827	660	810
c397	27206	3265	660	810
c398	21904	8843	660	810
c399	25359	19988	660	810
c400	24755	17851	660	810
c401	26060	15884	660	810
c402	19423	22943	660	810
c403	24746	21462	660	810
c404	24969	17118	660	810
